NG_048929.1:101-976_blaCTX-M-14	NODE_36_length_21333_cov_19.701241	100.000	876	0	0	1	876	2311	1436	0.0	1618
NG_048976.1:1-876_blaCTX-M-27	NODE_36_length_21333_cov_19.701241	99.886	876	1	0	1	876	2311	1436	0.0	1613
NG_047985.1:101-1006_mph(A)	NODE_48_length_10074_cov_22.182154	100.000	906	0	0	1	906	9951	9046	0.0	1674
NG_047357.1:64-852_aadA5	NODE_48_length_10074_cov_22.182154	100.000	789	0	0	1	789	1561	2349	0.0	1458
