NG_048929.1:101-976_blaCTX-M-14	NODE_32_length_33904_cov_20.759491	100.000	876	0	0	1	876	10088	10963	0.0	1618
NG_048976.1:1-876_blaCTX-M-27	NODE_32_length_33904_cov_20.759491	99.886	876	1	0	1	876	10088	10963	0.0	1613
NG_047985.1:101-1006_mph(A)	NODE_55_length_10073_cov_19.794670	100.000	906	0	0	1	906	9950	9045	0.0	1674
NG_047357.1:64-852_aadA5	NODE_55_length_10073_cov_19.794670	100.000	789	0	0	1	789	1560	2348	0.0	1458
