NG_048929.1:101-976_blaCTX-M-14	NODE_71_length_3183_cov_23.803069	100.000	876	0	0	1	876	1485	610	0.0	1618
NG_048976.1:1-876_blaCTX-M-27	NODE_71_length_3183_cov_23.803069	99.886	876	1	0	1	876	1485	610	0.0	1613
