NG_048935.1:101-976_blaCTX-M-15	NODE_70_length_3669_cov_23.594355	100.000	876	0	0	1	876	3566	2691	0.0	1618
NG_047985.1:101-1006_mph(A)	NODE_66_length_4233_cov_13.871709	100.000	906	0	0	1	906	4111	3206	0.0	1674
NG_047357.1:64-852_aadA5	NODE_71_length_3477_cov_14.351549	100.000	789	0	0	1	789	1979	1191	0.0	1458
