NG_048929.1:101-976_blaCTX-M-14	NODE_83_length_1618_cov_18.970569	99.886	876	1	0	1	876	1313	438	0.0	1613
NG_048976.1:1-876_blaCTX-M-27	NODE_83_length_1618_cov_18.970569	100.000	876	0	0	1	876	1313	438	0.0	1618
NG_047985.1:101-1006_mph(A)	NODE_57_length_10075_cov_16.682335	100.000	906	0	0	1	906	9952	9047	0.0	1674
NG_047357.1:64-852_aadA5	NODE_57_length_10075_cov_16.682335	100.000	789	0	0	1	789	1562	2350	0.0	1458
